U0 = 50; Y0 = 41.18;
u(1:100) = 0;
u(101:1000) = 0;
y(1:1000) = 0;
yzad(1:1000) = 0;


% z pliku dmc:
Kuj = [ 
    0.110767717394644	0.113164839563703	0.115547375615885	0.117913338000950	0.120261054455262	0.122589125375989	0.124896386878188	0.127181878778138	0.129444816847014	0.131684568766345	0.133900633292333	0.136092622201776	0.138260244649195	0.140403293614085	0.142521634159936	0.144615193263754	0.146683951006910	0.148727932945995	0.150477519571521	0.151716155479731	0.152515447092769	0.152937422144636	0.153035805413575	0.152857124618559	0.152441669088916	0.151824320806333	0.151035274809383	0.150100663688980	0.149043098942459	0.147882140254335	0.146634702298391	0.145315407378464	0.143936891118094	0.142510067449358	0.141044358319154	0.139547892809906	0.138027679746390	0.136489757318354	0.134939322778721	0.133380844869828	0.131818161277070	0.130254563103213	0.128692868091280	0.127135484093919	0.125584464087718	0.124041553858114	0.122508233330667	0.120985752394586	0.119475161951782	0.117977340827104	0.116493019090807	0.115022798270921	0.113567168869621	0.112126525542561	0.110701180252350	0.109291373665922	0.107897285029649	0.106519040724895	0.105156721679750	0.103810369789269	0.102479993476266	0.101165572507142	0.0998670621619738	0.0985843968448878	0.0973174932092885	0.0960662528625831	0.0948305647064377	0.0936103069611427	0.0924053489161931	0.0912155524435884	0.0900407733054919	0.0888808622836805	0.0877356661545607	0.0866050285303626	0.0854887905843786	0.0843867916757339	0.0832988698871135	0.0822248624870851	0.0811646063271024	0.0801179381819349	0.0790846950411029	0.0780647143578873	0.0770578342616086	0.0760638937381120	0.0750827327827345	0.0741141925294653	0.0731581153595109	0.0722143449920503	0.0712827265595968	0.0703631066700562	0.0694553334572948	0.0685592566217896	0.0676747274627213	0.0668015989026902	0.0659397255060760	0.0650889634919290	0.0642491707421589	0.0634202068056846	0.0626019328991229	0.0617942119045126	0.0609969083645063	0.0602098884754043	0.0594330200783527	0.0586661726489863	0.0579092172857594	0.0571620266971720	0.0564244751880746	0.0556964386452069	0.0549777945221064	0.0542684218235034	0.0535682010893035	0.0528770143782446	0.0521947452513035	0.0515212787549167	0.0508565014040710	0.0502003011653116	0.0495525674397091	0.0489131910458206	0.0482820642026742	0.0476590805128044	0.0470441349453584	0.0464371238192931	0.0458379447866783	0.0452464968161199	0.0446626801763134	0.0440863964197377	0.0435175483664972	0.0429560400883177	0.0424017768927026	0.0418546653072518	0.0413146130641491	0.0407815290848179	0.0402553234647493	0.0397359074585023	0.0392231934648778	0.0387170950122676	0.0382175267441757	0.0377244044049150	0.0372376448254766	0.0367571659095717	0.0362828866198454	0.0358147269642609	0.0353526079826531	0.0348964517334499	0.0344461812805608	0.0340017206804296	0.0335629949692513	0.0331299301503504	0.0327024531817196	0.0322804919637171	0.0318615255136449	0.0314455049577867	0.0310323819203371	0.0306221085154218	0.0302146373392266	0.0298099214622362	0.0294079144215876	0.0290085702135408	0.0286118432860737	0.0282176885316051	0.0278260612798547	0.0274369172908477	0.0270502127480734	0.0266659042518095	0.0262839488126275	0.0259043038450910	0.0255269271616695	0.0251517769668860	0.0247788118517248	0.0244079907883284	0.0240392731250156	0.0236726185816607	0.0233079872454796	0.0229453395672721	0.0225846363581835	0.0222258387870531	0.0218689083784313	0.0215138070113571	0.0211604969190056	0.0208089406893264	0.0204591012668194	0.0201109419556123	0.0197644264240306	0.0194195187108811	0.0190761832337047	0.0187343847992910	0.0183940886167949	0.0180552603138474	0.0177178659561116	0.0173818720708057	0.0170472456747961	0.0167139543079535	0.0163819660725734	0.0160512496797864	0.0157217745040247	0.0153935106467741	0.0150664290110326	0.0147405013881129	0.0144157005586772	0.0140920004101864	0.0137693760732757	0.0134478040799597	0.0131272625470123	0.0128077313883825	0.0124891925610998	0.0121716303498070	0.0118550316958470	0.0115393865777413	0.0112246884509466	0.0109109347559892	0.0105981275054723	0.0102862739620650	0.00997538742143913	0.00966548811626855	0.00935660425987531	0.00904877325096660	0.00874204306419475	0.00843647385507417	0.00813213981216893	0.00782913129452053	0.00752755729811544	0.00722754830191906	0.00692925955176054	0.00663287484930590	0.00633860534119218	0.00604668208898836	0.00575734718092017	0.00547084315742059	0.00518740048787110	0.00490722279591070	0.00463046948459446	0.00435723535953436	0.00408752678685538	0.00382129827619430	0.00355850492415222	0.00329910240672063	0.00304304697180593	0.00279029543184977	0.00254080515654470	0.00229453406564418	0.00205144062186486	0.00181148382388113	0.00157462319940918	0.00134081879838079	0.00111003118620559	0.000882221437119171	0.000657351127618361	0.000435382329980096	0.000216277605864399    
    ]; % dla D = 250

% Kuj = [
